Enemigos

tipo altura velocidad ataque_tipo
Begin_Enemigo
1     4.5        3         2    \Sprites/GokuOndaVital.png
4       2        4         6
End_Enemigo

Collider

Arriba.x Arriba.y Abajo.x Abajo.y   Num_Lista
Begin_Collider
  3.9    -1.1      -15        -5
  -13      2.7      -20       -5
  -7.2     6.9      -10.4     5
  -16.4    10.4     -28.3     -5
  -33.5    8.8      -36.7     6.4
  -39.8    12.4     -41.3     11.6
  -46      12.3     -49.2     9.9
  -57      12.2     -68.7     -5
  -80.8    12.2     -106.7    -5
  -109     40       -130      15
  -130     40       -137      16
  -110.9   10.2     -120      -5
  -120.1     11.1     -123    8
  -123     10.2     -141      -5
  -140.7   20.8     -154      -5
  -139.5   14.2     -141      13
  -139.5   18       -141      16.8 
  -159     20.8     -165.5    -5
  -169.5   20.8     -179.5    -5
  -187.2   16.7     -190.2    14.3
  -195.4   12.7     -197.5    11.2
  -203     17.3     -206      15.3
  -206.2   9.2        -209.6    7
  -213     13.8     -215.5    12.3
  -214.7   7        -217.2    5.5
  -220.3   9.7      -223.8    7.7
  -230     7.8      -297      -5
  -295.7   25       -305      7
  -260.6   12.6     -272.1    11.8
  -279.1   12.6     -290.1    11.8
End_Collider